130 80 271 228
0 137 133
1 138 150
2 140 167
3 144 185
4 150 200
5 159 214
6 171 226
7 184 233
8 199 236
9 214 233
10 229 225
11 240 213
12 249 200
13 256 184
14 260 167
15 261 150
16 262 133
17 149 111
18 156 102
19 168 100
20 179 101
21 190 106
22 206 107
23 216 102
24 227 101
25 238 103
26 246 111
27 198 121
28 198 130
29 198 139
30 198 149
31 184 162
32 191 163
33 198 164
34 205 163
35 211 162
36 160 124
37 167 119
38 175 118
39 183 124
40 175 126
41 167 126
42 213 124
43 221 119
44 229 119
45 236 124
46 229 126
47 221 126
48 174 190
49 182 181
50 191 177
51 197 178
52 204 177
53 213 181
54 222 190
55 214 197
56 205 201
57 198 202
58 191 201
59 182 197
60 179 189
61 191 186
62 197 186
63 204 186
64 218 190
65 204 191
66 198 192
67 191 191
